1 4.083157
1001 4.083157
2001 4.083157
3001 4.083157
4001 4.083157
5001 4.083157
6001 4.083157
7001 4.083157
8001 4.083157
9001 4.083157
10001 4.083157
11001 4.083157
12001 4.083157
13001 4.083157
14001 4.083157
15001 4.083157
16001 4.083157
17001 4.083157
18001 4.083157
19001 4.083157
20001 4.083157
21001 4.083157
22001 4.083157
23001 4.083157
24001 4.083157
25001 4.083157
26001 4.083157
27001 4.083157
28001 4.083157
29001 4.083157
30001 4.083157
31001 4.083157
32001 4.083157
33001 4.083157
34001 4.083157
35001 4.083157
36001 4.083157
37001 4.083157
38001 4.083157
39001 4.083157
40001 4.083157
41001 4.083157
42001 4.083157
43001 4.083157
44001 4.083157
45001 4.083157
46001 4.083157
47001 4.083157
48001 4.083157
49001 4.083157
50001 4.083157
51001 4.083157
52001 4.083157
53001 4.083157
54001 4.083157
55001 4.083157
56001 4.083157
57001 4.083157
58001 4.083157
59001 4.083157
60001 4.083157
61001 4.083157
62001 4.083157
63001 4.083157
64001 4.083157
65001 4.083157
66001 4.083157
67001 4.083157
68001 4.083157
69001 4.083157
70001 4.083157
71001 4.083157
72001 4.083157
73001 4.083157
74001 4.083157
75001 4.083157
76001 4.083157
77001 4.083157
78001 4.083157
79001 4.083157
80001 4.083157
81001 4.083157
82001 4.083157
83001 4.083157
84001 4.083157
85001 4.083157
86001 4.083157
87001 4.083157
88001 4.083157
89001 4.083157
90001 4.083157
91001 4.083157
92001 4.083157
93001 4.083157
94001 4.083157
95001 4.083157
96001 4.083157
97001 4.083157
98001 4.083157
99001 4.083157
100001 4.083157
101001 4.083157
102001 4.083157
103001 4.083157
104001 4.083157
105001 4.083157
106001 4.083157
107001 4.083157
108001 4.083157
109001 4.083157
110001 4.083157
111001 4.083157
112001 4.083157
113001 4.083157
114001 4.083157
115001 4.083157
116001 4.083157
117001 4.083157
118001 4.083157
119001 4.083157
120001 4.083157
121001 4.083157
122001 4.083157
123001 4.083157
124001 4.083157
125001 4.083157
126001 4.083157
127001 4.083157
128001 4.083157
129001 4.083157
130001 4.083157
131001 4.083157
132001 4.083157
133001 4.083157
134001 4.083157
135001 4.083157
136001 4.083157
137001 4.083157
138001 4.083157
139001 4.083157
140001 4.083157
141001 4.083157
142001 4.083157
143001 4.083157
144001 4.083157
145001 4.083157
146001 4.083157
147001 4.083157
148001 4.083157
149001 4.083157
150001 4.083157
151001 4.083157
152001 4.083157
153001 4.083157
154001 4.083157
155001 4.083157
156001 4.083157
157001 4.083157
158001 4.083157
159001 4.083157
160001 4.083157
161001 4.083157
162001 4.083157
163001 4.083157
164001 4.083157
165001 4.083157
166001 4.083157
167001 4.083157
168001 4.083157
169001 4.083157
170001 4.083157
171001 4.083157
172001 4.083157
173001 4.083157
174001 4.083157
175001 4.083157
176001 4.083157
177001 4.083157
178001 4.083157
179001 4.083157
180001 4.083157
181001 4.083157
182001 4.083157
183001 4.083157
184001 4.083157
185001 4.083157
186001 4.083157
187001 4.083157
188001 4.083157
189001 4.083157
190001 4.083157
191001 4.083157
192001 4.083157
193001 4.083157
194001 4.083157
195001 4.083157
196001 4.083157
197001 4.083157
198001 4.083157
199001 4.083157
200001 4.083157
201001 4.083157
202001 4.083157
203001 4.083157
204001 4.083157
205001 4.083157
206001 4.083157
207001 4.083157
208001 4.083157
209001 4.083157
210001 4.083157
211001 4.083157
212001 4.083157
213001 4.083157
214001 4.083157
215001 4.083157
216001 4.083157
217001 4.083157
218001 4.083157
219001 4.083157
220001 4.083157
221001 4.083157
222001 4.083157
223001 4.083157
224001 4.083157
225001 4.083157
226001 4.083157
227001 4.083157
228001 4.083157
229001 4.083157
230001 4.083157
231001 4.083157
232001 4.083157
233001 4.083157
234001 4.083157
235001 4.083157
236001 4.083157
237001 4.083157
238001 4.083157
239001 4.083157
240001 4.083157
241001 4.083157
242001 4.083157
243001 4.083157
244001 4.083157
245001 4.083157
246001 4.083157
247001 4.083157
248001 4.083157
249001 4.083157
250001 4.083157
251001 4.083157
252001 4.083157
253001 4.083157
254001 4.083157
255001 4.083157
256001 4.083157
257001 4.083157
258001 4.083157
259001 4.083157
260001 4.083157
261001 4.083157
262001 4.083157
263001 4.083157
264001 4.083157
265001 4.083157
266001 4.083157
267001 4.083157
268001 4.083157
269001 4.083157
270001 4.083157
271001 4.083157
272001 4.083157
273001 4.083157
274001 4.083157
275001 4.083157
276001 4.083157
277001 4.083157
278001 4.083157
279001 4.083157
280001 4.083157
281001 4.083157
282001 4.083157
283001 4.083157
284001 4.083157
285001 4.083157
286001 4.083157
287001 4.083157
288001 4.083157
289001 4.083157
290001 4.083157
291001 4.083157
292001 4.083157
293001 4.083157
294001 4.083157
295001 4.083157
296001 4.083157
297001 4.083157
298001 4.083157
299001 4.083157
300001 4.083157
301001 4.083157
302001 4.083157
303001 4.083157
304001 4.083157
305001 4.083157
306001 4.083157
307001 4.083157
308001 4.083157
309001 4.083157
310001 4.083157
311001 4.083157
312001 4.083157
313001 4.083157
314001 4.083157
315001 4.083157
316001 4.083157
317001 4.083157
318001 4.083157
319001 4.083157
320001 4.083157
321001 4.083157
322001 4.083157
323001 4.083157
324001 4.083157
325001 4.083157
326001 4.083157
327001 4.083157
328001 4.083157
329001 4.083157
330001 4.083157
331001 4.083157
332001 4.083157
333001 4.083157
334001 4.083157
335001 4.083157
336001 4.083157
337001 4.083157
338001 4.083157
339001 4.083157
340001 4.083157
341001 4.083157
342001 4.083157
343001 4.083157
344001 4.083157
345001 4.083157
346001 4.083157
347001 4.083157
348001 4.083157
349001 4.083157
350001 4.083157
351001 4.083157
352001 4.083157
353001 4.083157
354001 4.083157
355001 4.083157
356001 4.083157
357001 4.083157
358001 4.083157
359001 4.083157
360001 4.083157
361001 4.083157
362001 4.083157
363001 4.083157
364001 4.083157
365001 4.083157
366001 4.083157
367001 4.083157
368001 4.083157
369001 4.083157
370001 4.083157
371001 4.083157
372001 4.083157
373001 4.083157
374001 4.083157
375001 4.083157
376001 4.083157
377001 4.083157
378001 4.083157
379001 4.083157
380001 4.083157
381001 4.083157
382001 4.083157
383001 4.083157
384001 4.083157
385001 4.083157
386001 4.083157
387001 4.083157
388001 4.083157
389001 4.083157
390001 4.083157
391001 4.083157
392001 4.083157
393001 4.083157
394001 4.083157
395001 4.083157
396001 4.083157
397001 4.083157
398001 4.083157
399001 4.083157
400001 4.083157
401001 4.083157
402001 4.083157
403001 4.083157
404001 4.083157
405001 4.083157
406001 4.083157
407001 4.083157
408001 4.083157
409001 4.083157
410001 4.083157
411001 4.083157
412001 4.083157
413001 4.083157
414001 4.083157
415001 4.083157
416001 4.083157
417001 4.083157
418001 4.083157
419001 4.083157
420001 4.083157
421001 4.083157
422001 4.083157
423001 4.083157
424001 4.083157
425001 4.083157
426001 4.083157
427001 4.083157
428001 4.083157
429001 4.083157
430001 4.083157
431001 4.083157
432001 4.083157
433001 4.083157
434001 4.083157
435001 4.083157
436001 4.083157
437001 4.083157
438001 4.083157
439001 4.083157
440001 4.083157
441001 4.083157
442001 4.083157
443001 4.083157
444001 4.083157
445001 4.083157
446001 4.083157
447001 4.083157
448001 4.083157
449001 4.083157
450001 4.083157
451001 4.083157
452001 4.083157
453001 4.083157
454001 4.083157
455001 4.083157
456001 4.083157
457001 4.083157
458001 4.083157
459001 4.083157
460001 4.083157
461001 4.083157
462001 4.083157
463001 4.083157
464001 4.083157
465001 4.083157
466001 4.083157
467001 4.083157
468001 4.083157
469001 4.083157
470001 4.083157
471001 4.083157
472001 4.083157
473001 4.083157
474001 4.083157
475001 4.083157
476001 4.083157
477001 4.083157
478001 4.083157
479001 4.083157
480001 4.083157
481001 4.083157
482001 4.083157
483001 4.083157
484001 4.083157
485001 4.083157
486001 4.083157
487001 4.083157
488001 4.083157
489001 4.083157
490001 4.083157
491001 4.083157
492001 4.083157
493001 4.083157
494001 4.083157
495001 4.083157
496001 4.083157
497001 4.083157
498001 4.083157
499001 4.083157
500001 4.083157
501001 4.083157
502001 4.083157
503001 4.083157
504001 4.083157
505001 4.083157
506001 4.083157
507001 4.083157
508001 4.083157
509001 4.083157
510001 4.083157
511001 4.083157
512001 4.083157
513001 4.083157
514001 4.083157
515001 4.083157
516001 4.083157
517001 4.083157
518001 4.083157
519001 4.083157
520001 4.083157
521001 4.083157
522001 4.083157
523001 4.083157
524001 4.083157
525001 4.083157
526001 4.083157
527001 4.083157
528001 4.083157
529001 4.083157
530001 4.083157
531001 4.083157
532001 4.083157
533001 4.083157
534001 4.083157
535001 4.083157
536001 4.083157
537001 4.083157
538001 4.083157
539001 4.083157
540001 4.083157
541001 4.083157
542001 4.083157
543001 4.083157
544001 4.083157
545001 4.083157
546001 4.083157
547001 4.083157
548001 4.083157
549001 4.083157
550001 4.083157
551001 4.083157
552001 4.083157
553001 4.083157
554001 4.083157
555001 4.083157
556001 4.083157
557001 4.083157
558001 4.083157
559001 4.083157
560001 4.083157
561001 4.083157
562001 4.083157
563001 4.083157
564001 4.083157
565001 4.083157
566001 4.083157
567001 4.083157
568001 4.083157
569001 4.083157
570001 4.083157
571001 4.083157
572001 4.083157
573001 4.083157
574001 4.083157
575001 4.083157
576001 4.083157
577001 4.083157
578001 4.083157
579001 4.083157
580001 4.083157
581001 4.083157
582001 4.083157
583001 4.083157
584001 4.083157
585001 4.083157
586001 4.083157
587001 4.083157
588001 4.083157
589001 4.083157
590001 4.083157
591001 4.083157
592001 4.083157
593001 4.083157
594001 4.083157
595001 4.083157
596001 4.083157
597001 4.083157
598001 4.083157
599001 4.083157
600001 4.083157
601001 4.083157
602001 4.083157
603001 4.083157
604001 4.083157
605001 4.083157
606001 4.083157
607001 4.083157
608001 4.083157
609001 4.083157
610001 4.083157
611001 4.083157
612001 4.083157
613001 4.083157
614001 4.083157
615001 4.083157
616001 4.083157
617001 4.083157
618001 4.083157
619001 4.083157
620001 4.083157
621001 4.083157
622001 4.083157
623001 4.083157
624001 4.083157
625001 4.083157
626001 4.083157
627001 4.083157
628001 4.083157
629001 4.083157
630001 4.083157
631001 4.083157
632001 4.083157
633001 4.083157
634001 4.083157
635001 4.083157
636001 4.083157
637001 4.083157
638001 4.083157
639001 4.083157
640001 4.083157
641001 4.083157
642001 4.083157
643001 4.083157
644001 4.083157
645001 4.083157
646001 4.083157
647001 4.083157
648001 4.083157
649001 4.083157
650001 4.083157
651001 4.083157
652001 4.083157
653001 4.083157
654001 4.083157
655001 4.083157
656001 4.083157
657001 4.083157
658001 4.083157
659001 4.083157
660001 4.083157
661001 4.083157
662001 4.083157
663001 4.083157
664001 4.083157
665001 4.083157
666001 4.083157
667001 4.083157
668001 4.083157
669001 4.083157
670001 4.083157
671001 4.083157
672001 4.083157
673001 4.083157
674001 4.083157
675001 4.083157
676001 4.083157
677001 4.083157
678001 4.083157
679001 4.083157
680001 4.083157
681001 4.083157
682001 4.083157
683001 4.083157
684001 4.083157
685001 4.083157
686001 4.083157
687001 4.083157
688001 4.083157
689001 4.083157
690001 4.083157
691001 4.083157
692001 4.083157
693001 4.083157
694001 4.083157
695001 4.083157
696001 4.083157
697001 4.083157
698001 4.083157
699001 4.083157
700001 4.083157
701001 4.083157
702001 4.083157
703001 4.083157
704001 4.083157
705001 4.083157
706001 4.083157
707001 4.083157
708001 4.083157
709001 4.083157
710001 4.083157
711001 4.083157
712001 4.083157
713001 4.083157
714001 4.083157
715001 4.083157
716001 4.083157
717001 4.083157
718001 4.083157
719001 4.083157
720001 4.083157
721001 4.083157
722001 4.083157
723001 4.083157
724001 4.083157
725001 4.083157
726001 4.083157
727001 4.083157
728001 4.083157
729001 4.083157
730001 4.083157
731001 4.083157
732001 4.083157
733001 4.083157
734001 4.083157
735001 4.083157
736001 4.083157
737001 4.083157
738001 4.083157
739001 4.083157
740001 4.083157
741001 4.083157
742001 4.083157
743001 4.083157
744001 4.083157
745001 4.083157
746001 4.083157
747001 4.083157
748001 4.083157
749001 4.083157
750001 4.083157
751001 4.083157
752001 4.083157
753001 4.083157
754001 4.083157
755001 4.083157
756001 4.083157
757001 4.083157
758001 4.083157
759001 4.083157
760001 4.083157
761001 4.083157
762001 4.083157
763001 4.083157
764001 4.083157
765001 4.083157
766001 4.083157
767001 4.083157
768001 4.083157
769001 4.083157
770001 4.083157
771001 4.083157
772001 4.083157
773001 4.083157
774001 4.083157
775001 4.083157
776001 4.083157
777001 4.083157
778001 4.083157
779001 4.083157
780001 4.083157
781001 4.083157
782001 4.083157
783001 4.083157
784001 4.083157
785001 4.083157
786001 4.083157
787001 4.083157
788001 4.083157
789001 4.083157
790001 4.083157
791001 4.083157
792001 4.083157
793001 4.083157
794001 4.083157
795001 4.083157
796001 4.083157
797001 4.083157
798001 4.083157
799001 4.083157
800001 4.083157
801001 4.083157
802001 4.083157
803001 4.083157
804001 4.083157
805001 4.083157
806001 4.083157
807001 4.083157
808001 4.083157
809001 4.083157
810001 4.083157
811001 4.083157
812001 4.083157
813001 4.083157
814001 4.083157
815001 4.083157
816001 4.083157
817001 4.083157
818001 4.083157
819001 4.083157
820001 4.083157
821001 4.083157
822001 4.083157
823001 4.083157
824001 4.083157
825001 4.083157
826001 4.083157
827001 4.083157
828001 4.083157
829001 4.083157
830001 4.083157
831001 4.083157
832001 4.083157
833001 4.083157
834001 4.083157
835001 4.083157
836001 4.083157
837001 4.083157
838001 4.083157
839001 4.083157
840001 4.083157
841001 4.083157
842001 4.083157
843001 4.083157
844001 4.083157
845001 4.083157
846001 4.083157
847001 4.083157
848001 4.083157
849001 4.083157
850001 4.083157
851001 4.083157
852001 4.083157
853001 4.083157
854001 4.083157
855001 4.083157
856001 4.083157
857001 4.083157
858001 4.083157
859001 4.083157
860001 4.083157
861001 4.083157
862001 4.083157
863001 4.083157
864001 4.083157
865001 4.083157
866001 4.083157
867001 4.083157
868001 4.083157
869001 4.083157
870001 4.083157
871001 4.083157
872001 4.083157
873001 4.083157
874001 4.083157
875001 4.083157
876001 4.083157
877001 4.083157
878001 4.083157
879001 4.083157
880001 4.083157
881001 4.083157
882001 4.083157
883001 4.083157
884001 4.083157
885001 4.083157
886001 4.083157
887001 4.083157
888001 4.083157
889001 4.083157
890001 4.083157
891001 4.083157
892001 4.083157
893001 4.083157
894001 4.083157
895001 4.083157
896001 4.083157
897001 4.083157
898001 4.083157
899001 4.083157
900001 4.083157
901001 4.083157
902001 4.083157
903001 4.083157
904001 4.083157
905001 4.083157
906001 4.083157
907001 4.083157
908001 4.083157
909001 4.083157
910001 4.083157
911001 4.083157
912001 4.083157
913001 4.083157
914001 4.083157
915001 4.083157
916001 4.083157
917001 4.083157
918001 4.083157
919001 4.083157
920001 4.083157
921001 4.083157
922001 4.083157
923001 4.083157
924001 4.083157
925001 4.083157
926001 4.083157
927001 4.083157
928001 4.083157
929001 4.083157
930001 4.083157
931001 4.083157
932001 4.083157
933001 4.083157
934001 4.083157
935001 4.083157
936001 4.083157
937001 4.083157
938001 4.083157
939001 4.083157
940001 4.083157
941001 4.083157
942001 4.083157
943001 4.083157
944001 4.083157
945001 4.083157
946001 4.083157
947001 4.083157
948001 4.083157
949001 4.083157
950001 4.083157
951001 4.083157
952001 4.083157
953001 4.083157
954001 4.083157
955001 4.083157
956001 4.083157
957001 4.083157
958001 4.083157
959001 4.083157
960001 4.083157
961001 4.083157
962001 4.083157
963001 4.083157
964001 4.083157
965001 4.083157
966001 4.083157
967001 4.083157
968001 4.083157
969001 4.083157
970001 4.083157
971001 4.083157
972001 4.083157
973001 4.083157
974001 4.083157
975001 4.083157
976001 4.083157
977001 4.083157
978001 4.083157
979001 4.083157
980001 4.083157
981001 4.083157
982001 4.083157
983001 4.083157
984001 4.083157
985001 4.083157
986001 4.083157
987001 4.083157
988001 4.083157
989001 4.083157
990001 4.083157
991001 4.083157
992001 4.083157
993001 4.083157
994001 4.083157
995001 4.083157
996001 4.083157
997001 4.083157
998001 4.083157
999001 4.083157
