15.608219
3.138055
2.132776
1.623655
1.335383
1.129235
0.973672
0.847979
0.758837
0.708052
0.632275
0.585433
0.545406
0.503575
0.471099
0.446909
0.422319
0.401336
0.374073
0.356164
0.342198
0.332242
0.309121
0.296024
0.293218
0.274641
0.272235
0.256064
0.250451
0.238757
0.236351
0.223254
0.214901
0.211293
0.206749
0.203742
0.195657
0.192583
0.185499
0.187905
0.176278
0.174340
0.168393
0.166722
0.161577
0.161377
0.154828
0.149549
0.150752
0.143134
0.144537
0.143000
0.138991
0.136184
0.128700
0.131574
0.122954
0.129034
0.120748
0.124357
0.119880
0.120414
0.115870
0.113933
0.117608
0.116071
0.111460
0.109455
0.103107
0.103909
0.100635
0.097160
0.099699
0.097561
0.097361
0.098162
0.095556
0.096425
0.086134
0.093953
0.094287
0.091079
0.087805
0.089743
0.090277
0.086402
0.084263
0.080989
0.081991
0.077581
0.077113
0.082660
0.075977
0.085065
0.077915
0.077381
0.073839
0.074975
0.070832
0.073438
0.071701
0.073171
0.071767
0.070899
0.072837
0.068226
0.069696
0.071500
0.066889
0.067157
0.065620
0.061945
0.063214
0.062011
0.064751
0.064417
0.064684
0.065553
0.056933
0.063415
0.060742
0.057267
0.059272
0.059539
0.059739
0.058069
0.057133
0.057066
0.057066
0.054327
0.054928
0.055062
0.054193
0.057200
0.055396
0.052990
0.054059
0.050785
0.050384
0.054861
0.054260
0.051320
0.050585
0.052255
0.048112
0.051654
0.051453
0.049983
0.048981
0.049248
0.047778
0.050184
0.050050
0.046642
0.044637
0.045373
0.048446
0.047244
0.045907
0.045038
0.046174
0.045707
0.042967
0.042633
0.047110
0.045773
0.041764
0.044103
0.041230
0.041363
0.041630
0.046041
0.043568
0.041096
0.039292
0.041029
0.042566
0.043234
0.042031
0.037621
0.041096
0.038557
0.038557
0.037020
0.038958
0.038958
0.036351
0.038089
0.038423
0.039091
0.041430
0.037554
0.038958
0.038557
0.038824
0.037421
0.037287
0.037755
0.037755
0.037822
0.036084
0.034080
0.033745
0.035884
0.038690
0.035282
0.033879
0.035884
0.034681
0.032409
0.033144
0.034213
0.035483
0.035550
0.033411
0.033077
0.031073
0.033745
0.033478
0.031808
0.033344
0.033812
0.032208
0.032877
0.035282
0.032008
0.031006
0.032810
0.030471
0.031674
0.031006
0.031340
0.029803
0.030404
0.032409
0.033478
0.031139
0.029602
0.030471
0.031808
0.029001
0.030471
0.030337
0.030471
0.028734
0.032609
0.029937
0.031540
0.030538
0.030337
0.028333
0.028533
0.029335
0.029201
0.029870
0.031407
0.029937
0.027063
0.027330
0.029001
0.027130
0.027197
0.027932
0.027865
0.026863
0.026996
0.031206
0.026662
0.025326
0.026128
0.028400
0.028934
0.027330
0.027063
0.027264
0.028466
0.029536
0.026662
0.023722
0.023455
0.026395
0.023522
0.025326
0.024658
0.027531
0.024925
0.025192
0.027531
0.026996
0.026729
0.027665
0.027731
0.026261
0.023388
0.023254
0.022787
0.024390
0.025727
0.026930
0.023321
0.024056
0.022853
0.024457
0.023321
0.023989
0.023588
0.023655
0.021316
0.024123
0.021985
0.023922
0.026662
0.022920
0.023388
0.024858
0.022386
0.022987
0.023388
0.024724
0.021851
0.023989
0.024791
0.023856
0.023522
0.023655
0.022853
0.021784
0.021183
0.023522
0.024190
0.022519
0.018176
0.024992
0.021985
0.021784
0.021851
0.021250
0.021316
0.020782
0.019445
0.022519
0.019980
0.021116
0.022319
0.023121
0.020515
0.019379
0.021851
0.021250
0.020715
0.020114
0.021651
0.020782
0.020849
0.021517
0.018176
0.021316
0.018376
0.020247
0.021918
0.019779
0.020715
0.020715
0.021383
0.018777
0.020982
0.019312
0.021316
0.020915
0.021383
0.021383
0.022051
0.020982
0.015570
0.020849
0.021517
0.018109
0.019579
0.019646
0.017040
0.019245
0.018243
0.019245
0.018978
0.020648
0.017775
0.017775
0.017842
0.020782
0.016772
0.017441
0.019579
0.017708
0.019713
0.020849
0.018510
0.017574
0.018644
0.015503
0.019512
0.017307
0.019445
0.018911
0.019846
0.020114
0.020515
0.018443
0.019779
0.018844
0.016772
0.017307
0.018376
0.017975
0.019646
0.016238
0.017641
0.017508
0.018042
0.016973
0.017441
0.017508
0.018510
0.016706
0.016839
0.017173
0.016372
0.017775
0.016104
0.016438
0.018376
0.015570
0.016238
0.017173
0.015503
0.016639
0.017240
0.015236
0.017775
0.016171
0.017842
0.015236
0.018510
0.014367
0.018109
0.015169
0.017441
0.014166
0.016572
0.017107
0.015035
0.015703
0.015102
0.016037
0.017107
0.015770
0.015703
0.018109
0.015169
0.014567
0.015436
0.015436
0.014835
0.016438
0.014300
0.018443
0.017173
0.015904
0.015169
0.016505
0.016906
0.017574
0.015570
0.014233
0.014634
0.016037
0.015035
0.015971
0.015570
0.014567
0.015169
0.014233
0.016572
0.016372
0.015570
0.015236
0.015904
0.014701
0.014901
0.015236
0.015636
0.016238
0.014434
0.013565
0.015636
0.013899
0.015570
0.015837
0.015770
0.012429
0.013632
0.015904
0.015770
0.014233
0.015102
0.014367
0.013832
0.014701
0.015570
0.013298
0.014634
0.014634
0.014901
0.014367
0.014901
0.016572
0.012696
0.015436
0.013431
0.013966
0.013699
0.011828
0.013298
0.013365
0.013365
0.013365
0.013431
0.012429
0.014367
0.015169
0.013832
0.015236
0.013832
0.013097
0.014166
0.014233
0.014100
0.011961
0.014968
0.013765
0.013765
0.014835
0.013298
0.013365
0.012830
0.014567
0.013097
0.011560
0.012897
0.015102
0.013832
0.013030
0.013231
0.013164
0.012964
0.013632
0.014100
0.012295
0.012162
0.011761
0.013298
0.011894
0.013164
0.011093
0.011894
0.013699
0.011894
0.013899
0.012496
0.012496
0.013164
0.010825
0.012964
0.013030
0.012563
0.013765
0.012229
0.012362
0.012429
0.012563
0.012563
0.012496
0.012830
0.011293
0.013231
0.013164
0.011694
0.011427
0.011961
0.013498
0.013298
0.012429
0.012496
0.011961
0.011493
0.014701
0.012229
0.010892
0.012964
0.012563
0.011226
0.012429
0.012095
0.011226
0.012563
0.009890
0.011894
0.012229
0.011427
0.013097
0.010625
0.011293
0.012429
0.011560
0.012095
0.011894
0.014300
0.013632
0.011560
0.012563
0.013899
0.012095
0.009422
0.012095
0.011493
0.011627
0.012964
0.011560
0.011493
0.011493
0.013030
0.011961
0.011560
0.012696
0.011828
0.012897
0.011694
0.012629
0.014434
0.011894
0.011026
0.012496
0.011159
0.010424
0.011293
0.010358
0.010892
0.010959
0.012964
0.010558
0.009155
0.011961
0.011026
0.012496
0.011293
0.010625
0.011427
0.010558
0.011360
0.012162
0.011493
0.011627
0.009890
0.011159
0.010358
0.010892
0.011159
0.012696
0.011694
0.009622
0.011560
0.011360
0.009021
0.011894
0.011961
0.012964
0.010825
0.010424
0.010023
0.009489
0.010758
0.010023
0.009890
0.010358
0.009622
0.010023
0.011093
0.010558
0.012028
0.012229
0.008887
0.011560
0.011293
0.010491
0.012763
0.010424
0.011493
0.009288
0.011828
0.009890
0.009957
0.011761
0.011493
0.010892
0.011026
0.008954
0.010692
0.009489
0.011226
0.009489
0.009823
0.010157
0.009489
0.011293
0.010157
0.009689
0.009355
0.010558
0.010224
0.011026
0.009556
0.011560
0.010224
0.010692
0.009021
0.009155
0.011427
0.009556
0.010291
0.010758
0.008486
0.011159
0.009021
0.008687
0.011093
0.008754
0.008553
0.010625
0.009622
0.009957
0.010358
0.008887
0.009489
0.010291
0.010358
0.008620
0.009288
0.009622
0.010291
0.009957
0.008687
0.009422
0.008019
0.008687
0.010625
0.010224
0.009823
0.008687
0.009622
0.008353
0.009689
0.009622
0.011360
0.009422
0.009823
0.009823
0.009489
0.008887
0.009556
0.008954
0.009756
0.009222
0.008486
0.008954
0.009355
0.010090
0.008553
0.009088
0.009689
0.009556
0.010224
0.008687
0.009823
0.009088
0.008754
0.010558
0.009021
0.008687
0.009556
0.008687
0.009155
0.009288
0.009823
0.009489
0.009422
0.008687
0.008887
0.009957
0.010090
0.008887
0.007751
0.007551
0.008486
0.009088
0.008219
0.008821
0.007751
0.008620
0.007952
0.009957
0.010758
0.009088
0.009890
0.009489
0.009422
0.008687
0.009622
0.010023
0.009823
0.010291
0.009222
0.010090
0.009422
0.009890
0.009155
0.007083
0.008486
0.008620
0.008687
0.009021
0.008086
0.008019
0.009155
0.009422
0.007751
0.009155
0.009288
0.008486
0.008486
0.008086
0.007685
0.009155
0.009355
0.009957
0.007751
0.009689
0.008821
0.010157
0.008152
0.009088
0.008620
0.008420
0.009756
0.010023
0.008954
0.008553
0.008687
0.008486
0.007618
0.008420
0.008620
0.007551
0.010157
0.008286
0.008754
0.008353
0.008821
0.009556
0.007083
0.009088
0.007751
0.008887
0.008420
0.007484
0.010291
0.008086
0.006816
0.006883
0.009222
0.007885
0.007685
0.008553
0.008086
0.009222
0.008486
0.007217
0.008887
0.009355
0.007150
0.007818
0.006682
0.008687
0.006348
0.007818
0.007685
0.007350
0.009088
0.008420
0.008687
0.008687
0.008086
0.008152
0.008219
0.008152
0.009222
0.008353
0.006348
0.007685
0.009689
0.007952
0.007618
0.008620
0.007551
0.008754
0.006950
0.007551
0.007217
0.007551
0.007618
0.007417
0.008887
0.008219
0.008086
0.008286
0.007150
0.008821
0.008353
0.008954
0.007751
0.007350
0.008219
0.008086
0.007217
0.007217
0.006816
0.006749
0.007885
0.008821
0.008219
0.007751
0.007751
0.007685
0.006883
0.008754
0.008754
0.008754
0.007551
0.008219
0.008620
0.008353
0.007484
0.008486
0.008086
0.007551
0.008286
0.007751
0.007751
0.007284
0.007417
0.007818
0.007284
0.007484
0.008486
0.008754
0.007484
0.007952
0.007350
0.006950
0.008620
0.008353
0.008019
0.007818
0.007350
0.008353
0.007350
0.007551
0.008086
0.007284
0.007217
0.006549
0.007350
0.007952
0.006883
0.007952
0.008687
0.007417
0.007685
0.007885
0.008821
0.006682
0.007484
0.007551
0.006615
0.006348
0.008286
0.007484
0.008019
0.007284
0.006950
0.007551
0.006148
