31.000000
6.720280
4.646647
3.598452
3.003851
2.598984
2.337363
2.120932
1.974397
1.881498
1.777316
1.698483
1.644508
1.589440
1.546567
1.511458
1.483519
1.452865
1.422284
1.400491
1.379578
1.364993
1.342841
1.321369
1.321481
1.297715
1.293943
1.273952
1.272398
1.256931
1.252888
1.239302
1.231280
1.225174
1.219636
1.212630
1.207922
1.203793
1.196724
1.195269
1.183059
1.185076
1.176021
1.173012
1.166653
1.167231
1.161435
1.155635
1.157811
1.147524
1.148638
1.147788
1.142362
1.140366
1.132153
1.136204
1.127902
1.132694
1.123038
1.126649
1.123067
1.123503
1.118694
1.117959
1.118430
1.118897
1.114400
1.110534
1.105279
1.106678
1.102137
1.099229
1.102199
1.100000
1.100106
1.099056
1.097863
1.097027
1.087077
1.097112
1.095443
1.092534
1.090010
1.088704
1.091851
1.088420
1.085565
1.082787
1.084358
1.078897
1.078583
1.084196
1.077578
1.084886
1.080172
1.077914
1.075530
1.075610
1.072429
1.074413
1.072176
1.074566
1.071976
1.072439
1.073129
1.069429
1.069785
1.071544
1.066779
1.067787
1.065101
1.062550
1.064502
1.063349
1.065178
1.063496
1.065891
1.066393
1.056705
1.064264
1.060606
1.057610
1.060769
1.059701
1.060610
1.059222
1.057691
1.057666
1.055640
1.054859
1.055378
1.055000
1.054293
1.057448
1.054328
1.053325
1.054361
1.051108
1.050191
1.055141
1.054618
1.051784
1.050206
1.052331
1.049280
1.051958
1.050278
1.051545
1.048902
1.049733
1.047499
1.050050
1.049751
1.047174
1.045141
1.045226
1.048394
1.046493
1.045595
1.044916
1.046212
1.045654
1.043422
1.043182
1.047400
1.045455
1.041923
1.044177
1.041688
1.041693
1.041777
1.046251
1.043497
1.041315
1.039244
1.041693
1.041845
1.043569
1.041848
1.038056
1.040949
1.037987
1.038725
1.037019
1.039093
1.038942
1.035986
1.038360
1.038796
1.038431
1.042212
1.037615
1.038651
1.038289
1.038730
1.037765
1.036953
1.037765
1.037694
1.037108
1.036210
1.034524
1.033050
1.035412
1.038717
1.035544
1.033641
1.035547
1.034223
1.032173
1.033196
1.033792
1.035618
1.034963
1.033489
1.032976
1.031144
1.033418
1.033057
1.031808
1.033487
1.033714
1.032388
1.032613
1.035691
1.031874
1.031002
1.032976
1.030204
1.031513
1.031069
1.031075
1.029905
1.030490
1.032098
1.033560
1.030567
1.029830
1.030633
1.031730
1.028745
1.030421
1.029834
1.030427
1.028674
1.032313
1.029036
1.031367
1.030414
1.030196
1.028745
1.027801
1.029615
1.028745
1.030057
1.030929
1.029545
1.026930
1.027366
1.028672
1.027511
1.027578
1.027362
1.027006
1.027290
1.026572
1.030273
1.026934
1.025560
1.025926
1.028239
1.028386
1.027509
1.027435
1.026642
1.028231
1.029838
1.026568
1.023828
1.023537
1.026644
1.023107
1.025058
1.024401
1.027221
1.024977
1.024763
1.027290
1.026494
1.026205
1.027797
1.027221
1.025628
1.022893
1.023393
1.022247
1.024761
1.025412
1.026353
1.022890
1.023321
1.023032
1.024046
1.023248
1.023607
1.023326
1.023612
1.021597
1.023396
1.022030
1.023969
1.026568
1.023109
1.022746
1.024116
1.022458
1.022462
1.022963
1.024327
1.022027
1.023895
1.024764
1.024184
1.023463
1.023249
1.022817
1.021527
1.021026
1.022963
1.023900
1.022101
1.018170
1.024332
1.022027
1.021671
1.021456
1.020454
1.021671
1.020384
1.019738
1.022603
1.019668
1.021028
1.022244
1.022675
1.020600
1.019028
1.021318
1.021239
1.020240
1.019884
1.021311
1.021168
1.020600
1.021312
1.018243
1.020740
1.017886
1.020525
1.021384
1.019597
1.020241
1.020597
1.020957
1.018956
1.021028
1.019242
1.020738
1.020883
1.021098
1.021456
1.022458
1.020457
1.015969
1.020882
1.021383
1.018173
1.019383
1.019312
1.017178
1.019170
1.018455
1.019243
1.018814
1.020525
1.017317
1.017815
1.018100
1.020740
1.016962
1.017389
1.019595
1.017388
1.019810
1.020384
1.018384
1.017603
1.018599
1.015544
1.018813
1.017246
1.019453
1.019169
1.020025
1.019954
1.020025
1.018740
1.019453
1.018884
1.016749
1.017175
1.017603
1.017603
1.019310
1.016183
1.017605
1.016824
1.017532
1.017246
1.017533
1.017105
1.018100
1.016538
1.016324
1.016823
1.015828
1.017317
1.015687
1.016183
1.017815
1.015547
1.016607
1.016752
1.015333
1.016324
1.017179
1.014979
1.017320
1.016112
1.017890
1.015191
1.018029
1.013992
1.017957
1.015121
1.017459
1.014342
1.016536
1.016891
1.014909
1.015332
1.015261
1.015617
1.017246
1.015544
1.015688
1.017887
1.014837
1.014837
1.015049
1.015192
1.015049
1.016111
1.014201
1.018102
1.016823
1.015898
1.014766
1.016749
1.017317
1.016679
1.015898
1.013921
1.014625
1.016182
1.015049
1.015758
1.015615
1.014343
1.014909
1.014202
1.016398
1.015334
1.015262
1.015050
1.015547
1.014625
1.014415
1.014838
1.015261
1.015758
1.014484
1.013848
1.015049
1.013990
1.015334
1.015615
1.015544
1.012370
1.013496
1.015544
1.015900
1.014061
1.014133
1.014555
1.013707
1.014769
1.015403
1.013215
1.014343
1.014697
1.014698
1.013848
1.014979
1.016536
1.012862
1.015262
1.013426
1.013640
1.013707
1.011596
1.013002
1.013216
1.013215
1.013004
1.013145
1.012441
1.014484
1.015263
1.013214
1.015049
1.013919
1.012933
1.013709
1.014342
1.013919
1.011807
1.014626
1.013780
1.013638
1.014837
1.013074
1.013497
1.013002
1.014555
1.012933
1.011385
1.012721
1.014696
1.013707
1.012723
1.012721
1.012934
1.012862
1.013355
1.014342
1.012299
1.012158
1.011596
1.013496
1.011948
1.012791
1.011385
1.012088
1.013638
1.011877
1.013568
1.011947
1.012439
1.013214
1.010753
1.012862
1.012791
1.012650
1.013919
1.012510
1.012440
1.012439
1.012299
1.012650
1.012510
1.012791
1.011455
1.013074
1.012580
1.011666
1.011455
1.011806
1.013496
1.013143
1.012088
1.012298
1.011596
1.011387
1.014484
1.012298
1.010825
1.012862
1.012650
1.010824
1.012580
1.011948
1.011245
1.012440
1.009703
1.011807
1.012158
1.011386
1.013073
1.010263
1.011455
1.012370
1.011315
1.012158
1.011596
1.013920
1.013566
1.011245
1.012299
1.013707
1.011807
1.009423
1.012088
1.011666
1.011807
1.012862
1.011386
1.011105
1.011525
1.012792
1.011737
1.011455
1.012650
1.011666
1.012510
1.011736
1.011947
1.014342
1.011877
1.011104
1.012581
1.011104
1.010123
1.011104
1.010473
1.010964
1.010824
1.013002
1.010684
1.009073
1.011596
1.011035
1.012581
1.011455
1.010544
1.011034
1.010683
1.011245
1.012440
1.011105
1.011105
1.009424
1.011245
1.009843
1.010824
1.010894
1.012581
1.011456
1.009353
1.011385
1.010614
1.008864
1.011877
1.011948
1.012089
1.010824
1.010333
1.010193
1.009423
1.010824
1.009913
1.009703
1.010404
1.009563
1.009983
1.011035
1.010473
1.011806
1.012158
1.008724
1.011386
1.011104
1.010335
1.012440
1.010193
1.011245
1.009493
1.011596
1.009633
1.009703
1.011666
1.011455
1.010824
1.011105
1.008864
1.010544
1.009424
1.011104
1.009144
1.009843
1.010124
1.009633
1.011174
1.010053
1.009633
1.009353
1.010683
1.010123
1.010753
1.009633
1.011525
1.010333
1.010264
1.009073
1.008864
1.011034
1.009563
1.010193
1.010753
1.008375
1.011105
1.008934
1.008934
1.011034
1.008934
1.008445
1.010193
1.009703
1.009913
1.010264
1.009003
1.009563
1.010193
1.010543
1.008724
1.009353
1.009843
1.009843
1.009843
1.008584
1.009353
1.008027
1.008794
1.010613
1.010264
1.009983
1.008584
1.009493
1.008584
1.009773
1.009633
1.011174
1.009144
1.009773
1.009843
1.009563
1.008934
1.009424
1.008794
1.009843
1.009143
1.008305
1.008514
1.009213
1.009843
1.008445
1.009213
1.009913
1.009424
1.009913
1.008514
1.009633
1.009003
1.008794
1.010613
1.009003
1.008724
1.009283
1.008794
1.009213
1.008864
1.009773
1.009354
1.009213
1.008445
1.008864
1.009703
1.010123
1.008934
1.006981
1.007747
1.008445
1.009074
1.008096
1.008584
1.007817
1.008584
1.007817
1.009773
1.010473
1.008935
1.010123
1.009144
1.009283
1.008445
1.009493
1.009563
1.009633
1.010193
1.009144
1.010193
1.009423
1.009773
1.009283
1.007051
1.008235
1.008515
1.008514
1.008934
1.007956
1.007956
1.008864
1.009353
1.007956
1.009073
1.008934
1.008375
1.008515
1.008096
1.007747
1.009213
1.008934
1.009703
1.007678
1.009423
1.008794
1.009913
1.007817
1.009003
1.008725
1.008375
1.009703
1.009773
1.009003
1.008654
1.008724
1.008305
1.007817
1.008236
1.008654
1.007538
1.009983
1.008305
1.008654
1.008305
1.008514
1.009493
1.007051
1.009143
1.007747
1.008934
1.008235
1.007608
1.009983
1.008096
1.006842
1.006633
1.009213
1.007817
1.007538
1.008236
1.007957
1.009143
1.008514
1.006981
1.008724
1.009633
1.007399
1.007887
1.006703
1.008655
1.006494
1.007747
1.007400
1.007051
1.008934
1.008235
1.008654
1.008514
1.008026
1.008305
1.008235
1.008166
1.008864
1.008305
1.006286
1.007538
1.009633
1.008096
1.007677
1.008584
1.007190
1.008864
1.006981
1.007608
1.007190
1.007538
1.007608
1.007468
1.008514
1.008305
1.008235
1.008305
1.007259
1.008864
1.008096
1.008724
1.007608
1.007399
1.008235
1.008096
1.006911
1.007120
1.006911
1.006842
1.007817
1.008445
1.008375
1.007399
1.007817
1.007677
1.006494
1.008655
1.008375
1.008166
1.007468
1.008166
1.008445
1.008096
1.007190
1.008445
1.008026
1.007817
1.008305
1.007329
1.007538
1.007399
1.007259
1.007747
1.007051
1.007538
1.008375
1.008445
1.007468
1.007887
1.007538
1.006911
1.008445
1.008096
1.007748
1.007608
1.007121
1.007956
1.007468
1.007190
1.008026
1.007190
1.007120
1.006355
1.007259
1.007887
1.006842
1.007957
1.008794
1.007538
1.007748
1.007887
1.008445
1.006494
1.007190
1.007538
1.006633
1.006355
1.008375
1.007329
1.008026
1.007329
1.006842
1.007399
1.006216
