14569.000000
14.554446
7.291792
4.903736
3.740436
3.084692
2.668315
2.358588
2.156134
2.035914
1.892815
1.796646
1.726389
1.657829
1.605753
1.567402
1.529393
1.496098
1.457191
1.430437
1.411451
1.393496
1.366954
1.340788
1.342023
1.315961
1.311223
1.291235
1.285992
1.270183
1.265219
1.251847
1.241077
1.236547
1.228829
1.223463
1.217533
1.211862
1.205245
1.204946
1.191154
1.192031
1.183413
1.180058
1.172367
1.173594
1.166640
1.160414
1.164123
1.152428
1.153706
1.153249
1.147165
1.144372
1.135896
1.140431
1.131397
1.136516
1.126672
1.130607
1.126237
1.125976
1.122160
1.121037
1.121124
1.121901
1.117083
1.113668
1.108246
1.109343
1.103879
1.101043
1.104549
1.102042
1.102376
1.100793
1.100128
1.099215
1.088945
1.098469
1.097476
1.094262
1.091883
1.090576
1.093276
1.089841
1.086833
1.084649
1.085699
1.080306
1.080065
1.085538
1.078466
1.085780
1.081508
1.079025
1.076713
1.076792
1.073460
1.075520
1.074093
1.075600
1.073302
1.073618
1.074014
1.070384
1.071329
1.072354
1.067952
1.068814
1.065686
1.063353
1.065453
1.064518
1.066935
1.064518
1.066623
1.067639
1.057794
1.065141
1.061262
1.058409
1.061571
1.060721
1.061339
1.059949
1.058563
1.058102
1.056873
1.055801
1.056031
1.055725
1.054655
1.058102
1.055342
1.054121
1.054578
1.051686
1.050624
1.055648
1.055342
1.052217
1.050927
1.053054
1.049640
1.052826
1.050927
1.051761
1.049262
1.050094
1.048507
1.050700
1.050472
1.047677
1.045572
1.045872
1.049186
1.046924
1.046098
1.045347
1.047075
1.045797
1.043924
1.043326
1.047903
1.046173
1.042281
1.044822
1.041759
1.041908
1.042206
1.046323
1.043999
1.041387
1.039529
1.041908
1.042132
1.043999
1.042206
1.038270
1.041163
1.038344
1.039010
1.037161
1.039307
1.039084
1.036128
1.038788
1.039010
1.038788
1.042355
1.037900
1.038936
1.038788
1.039158
1.038122
1.037309
1.038122
1.038122
1.037678
1.036423
1.034951
1.033262
1.035981
1.038788
1.035686
1.033996
1.035760
1.034436
1.032457
1.033409
1.034289
1.035760
1.035318
1.033702
1.033189
1.031215
1.033702
1.033482
1.032091
1.033629
1.034069
1.032530
1.032896
1.035834
1.031945
1.031215
1.033189
1.030558
1.031726
1.031069
1.031288
1.029975
1.030631
1.032311
1.033702
1.030850
1.029830
1.030704
1.031872
1.028957
1.030704
1.029975
1.030923
1.028957
1.032384
1.029248
1.031580
1.030485
1.030267
1.028957
1.028013
1.029757
1.028957
1.030339
1.031142
1.029757
1.027071
1.027578
1.028884
1.027723
1.027578
1.027433
1.027288
1.027361
1.026854
1.030485
1.027216
1.025841
1.026420
1.028521
1.028739
1.027650
1.027505
1.026854
1.028231
1.030121
1.026709
1.024039
1.023607
1.026926
1.023248
1.025480
1.024471
1.027433
1.025047
1.024903
1.027361
1.026564
1.026275
1.027868
1.027433
1.025769
1.023104
1.023463
1.022458
1.024831
1.025553
1.026564
1.022960
1.023391
1.023032
1.024327
1.023248
1.023607
1.023607
1.023823
1.021597
1.023607
1.022171
1.024039
1.026709
1.023320
1.022817
1.024327
1.022458
1.022673
1.023104
1.024327
1.022027
1.023895
1.024975
1.024255
1.023463
1.023320
1.022817
1.021597
1.021096
1.023104
1.024111
1.022171
1.018170
1.024543
1.022027
1.021741
1.021526
1.020524
1.021741
1.020524
1.019738
1.022673
1.019738
1.021168
1.022314
1.022745
1.020810
1.019168
1.021669
1.021239
1.020310
1.020024
1.021311
1.021168
1.020810
1.021383
1.018313
1.020810
1.017886
1.020595
1.021454
1.019667
1.020381
1.020667
1.021168
1.019096
1.021168
1.019381
1.020738
1.020953
1.021168
1.021526
1.022458
1.020667
1.015969
1.020882
1.021383
1.018313
1.019453
1.019381
1.017317
1.019310
1.018455
1.019453
1.018954
1.020595
1.017317
1.017815
1.018170
1.020810
1.016962
1.017459
1.019595
1.017388
1.019810
1.020524
1.018384
1.017673
1.018669
1.015544
1.018882
1.017246
1.019453
1.019239
1.020095
1.020024
1.020095
1.018740
1.019453
1.018954
1.016749
1.017175
1.017673
1.017673
1.019310
1.016253
1.017815
1.017033
1.017601
1.017246
1.017673
1.017175
1.018170
1.016607
1.016324
1.016962
1.015828
1.017317
1.015757
1.016253
1.017815
1.015686
1.016607
1.016891
1.015403
1.016324
1.017388
1.015049
1.017459
1.016182
1.018099
1.015191
1.018099
1.014201
1.017957
1.015191
1.017459
1.014342
1.016536
1.016891
1.014978
1.015332
1.015261
1.015757
1.017246
1.015544
1.015828
1.017957
1.014837
1.014837
1.015049
1.015261
1.015049
1.016111
1.014201
1.018242
1.016962
1.015898
1.014766
1.016749
1.017317
1.016749
1.015898
1.014060
1.014625
1.016182
1.015049
1.015828
1.015615
1.014413
1.014978
1.014272
1.016607
1.015474
1.015332
1.015120
1.015686
1.014625
1.014554
1.014908
1.015261
1.015828
1.014484
1.013848
1.015049
1.014060
1.015474
1.015615
1.015544
1.012439
1.013496
1.015544
1.015969
1.014131
1.014272
1.014625
1.013707
1.014978
1.015403
1.013284
1.014413
1.014766
1.014837
1.013848
1.015049
1.016536
1.012932
1.015332
1.013496
1.013848
1.013707
1.011666
1.013002
1.013425
1.013284
1.013143
1.013284
1.012580
1.014484
1.015403
1.013214
1.015049
1.013919
1.013002
1.013848
1.014342
1.013919
1.011877
1.014696
1.013919
1.013707
1.014837
1.013143
1.013566
1.013002
1.014625
1.013002
1.011385
1.012721
1.014696
1.013707
1.012932
1.012721
1.013073
1.012862
1.013355
1.014342
1.012369
1.012158
1.011666
1.013496
1.012017
1.012791
1.011385
1.012088
1.013707
1.011947
1.013707
1.011947
1.012439
1.013214
1.010753
1.012932
1.012791
1.012650
1.013919
1.012510
1.012510
1.012439
1.012369
1.012650
1.012510
1.012791
1.011455
1.013143
1.012580
1.011666
1.011455
1.011806
1.013496
1.013143
1.012088
1.012298
1.011596
1.011525
1.014484
1.012298
1.010964
1.012862
1.012650
1.010894
1.012580
1.012017
1.011245
1.012510
1.009703
1.011877
1.012158
1.011455
1.013073
1.010263
1.011455
1.012439
1.011315
1.012158
1.011596
1.013989
1.013566
1.011315
1.012369
1.013707
1.011877
1.009423
1.012088
1.011666
1.011877
1.012862
1.011455
1.011174
1.011525
1.012862
1.011806
1.011455
1.012650
1.011666
1.012580
1.011736
1.011947
1.014342
1.011947
1.011104
1.012650
1.011104
1.010123
1.011104
1.010473
1.010964
1.010824
1.013002
1.010753
1.009073
1.011596
1.011104
1.012650
1.011455
1.010613
1.011034
1.010683
1.011315
1.012510
1.011174
1.011174
1.009493
1.011245
1.009843
1.010894
1.010964
1.012650
1.011525
1.009353
1.011385
1.010683
1.008864
1.011877
1.012017
1.012228
1.010894
1.010333
1.010193
1.009423
1.010824
1.009913
1.009773
1.010473
1.009563
1.010053
1.011104
1.010473
1.011806
1.012158
1.008724
1.011455
1.011104
1.010543
1.012510
1.010193
1.011315
1.009493
1.011596
1.009633
1.009703
1.011666
1.011455
1.010894
1.011174
1.008864
1.010613
1.009493
1.011104
1.009213
1.009843
1.010263
1.009633
1.011174
1.010053
1.009703
1.009353
1.010683
1.010123
1.010753
1.009633
1.011525
1.010333
1.010403
1.009073
1.008864
1.011034
1.009563
1.010193
1.010753
1.008375
1.011174
1.008934
1.008934
1.011034
1.008934
1.008514
1.010193
1.009703
1.009983
1.010333
1.009003
1.009563
1.010193
1.010543
1.008724
1.009353
1.009843
1.009913
1.009843
1.008584
1.009353
1.008096
1.008794
1.010613
1.010333
1.010053
1.008584
1.009563
1.008584
1.009773
1.009633
1.011174
1.009213
1.009773
1.009843
1.009633
1.009003
1.009493
1.008794
1.009843
1.009143
1.008305
1.008514
1.009213
1.009843
1.008445
1.009213
1.009913
1.009493
1.009913
1.008514
1.009703
1.009003
1.008794
1.010613
1.009003
1.008724
1.009283
1.008794
1.009213
1.008864
1.009773
1.009423
1.009213
1.008514
1.008864
1.009773
1.010123
1.008934
1.007051
1.007747
1.008445
1.009143
1.008096
1.008584
1.007817
1.008584
1.007817
1.009773
1.010473
1.009073
1.010123
1.009213
1.009283
1.008514
1.009493
1.009563
1.009633
1.010193
1.009213
1.010193
1.009423
1.009843
1.009283
1.007051
1.008235
1.008584
1.008514
1.008934
1.007956
1.007956
1.008864
1.009353
1.007956
1.009073
1.009003
1.008445
1.008584
1.008096
1.007747
1.009213
1.009003
1.009773
1.007747
1.009423
1.008794
1.009913
1.007887
1.009003
1.008794
1.008375
1.009773
1.009773
1.009003
1.008654
1.008724
1.008305
1.007817
1.008375
1.008654
1.007538
1.009983
1.008305
1.008654
1.008305
1.008514
1.009563
1.007051
1.009143
1.007747
1.008934
1.008235
1.007608
1.009983
1.008096
1.006842
1.006633
1.009213
1.007887
1.007538
1.008305
1.008026
1.009143
1.008514
1.006981
1.008724
1.009633
1.007399
1.007887
1.006703
1.008724
1.006494
1.007747
1.007538
1.007051
1.008934
1.008235
1.008654
1.008514
1.008026
1.008305
1.008235
1.008166
1.008934
1.008305
1.006355
1.007538
1.009633
1.008096
1.007677
1.008584
1.007190
1.008864
1.006981
1.007677
1.007259
1.007538
1.007608
1.007468
1.008514
1.008305
1.008235
1.008305
1.007259
1.008934
1.008166
1.008724
1.007608
1.007399
1.008235
1.008096
1.006911
1.007120
1.006911
1.006842
1.007887
1.008445
1.008375
1.007468
1.007817
1.007677
1.006494
1.008724
1.008445
1.008166
1.007468
1.008166
1.008445
1.008096
1.007259
1.008445
1.008026
1.007817
1.008305
1.007329
1.007538
1.007399
1.007259
1.007747
1.007051
1.007538
1.008445
1.008445
1.007468
1.007887
1.007538
1.006911
1.008514
1.008096
1.007817
1.007608
1.007190
1.007956
1.007468
1.007190
1.008026
1.007259
1.007120
1.006355
1.007259
1.007887
1.006842
1.008026
1.008864
1.007538
1.007817
1.007887
1.008514
1.006494
1.007190
1.007538
1.006633
1.006355
1.008375
1.007329
1.008026
1.007329
1.006842
1.007399
1.006216
