100.000000
100.000000
99.850075
99.000333
97.350662
94.441112
90.984836
88.230253
84.451944
79.502278
76.962304
73.711481
70.319140
67.594800
64.802514
61.962536
59.533779
57.278984
55.541359
53.602442
51.607420
49.783344
48.443253
47.241424
45.231449
44.282229
42.732972
41.787341
40.459269
39.550360
38.382054
37.540724
36.683229
35.701948
34.869563
34.021885
33.237966
32.491014
31.809689
31.001769
30.576736
29.809029
29.311207
28.710960
28.242540
27.586054
27.147236
26.712198
26.072373
25.799473
25.255495
24.770103
24.422607
24.020302
23.751412
23.226850
22.994232
22.489079
22.294443
21.840308
21.559641
21.211128
20.939985
20.628244
20.304370
19.978154
19.760307
19.525082
19.332069
19.033057
18.854016
18.636357
18.319190
18.109341
17.859218
17.646431
17.424771
17.212763
17.152344
16.788395
16.593543
16.436834
16.271753
16.094987
15.864097
15.726874
15.587028
15.438903
15.248690
15.152639
14.987611
14.748190
14.683536
14.427802
14.330699
14.212482
14.094645
13.948310
13.848838
13.682690
13.563864
13.410758
13.307713
13.174629
13.043144
12.962734
12.829124
12.697078
12.631365
12.505390
12.428069
12.343132
12.208820
12.111397
11.977965
11.900766
11.774898
11.663148
11.671935
11.494021
11.439905
11.375939
11.249088
11.166576
11.070072
10.995912
10.922929
10.841647
10.769447
10.696816
10.612226
10.534271
10.465072
10.352554
10.302162
10.237702
10.158014
10.111605
10.048478
9.928706
9.860644
9.819789
9.762607
9.674758
9.638822
9.543382
9.495140
9.423065
9.381693
9.311347
9.263272
9.182721
9.124282
9.088829
9.047993
8.987039
8.901225
8.863638
8.814501
8.765354
8.696196
8.652741
8.614762
8.566819
8.477387
8.439949
8.420431
8.349651
8.324355
8.273916
8.222893
8.142642
8.113325
8.086658
8.054551
7.990240
7.943137
7.884136
7.853327
7.839062
7.773846
7.751891
7.704353
7.675914
7.618437
7.578878
7.559637
7.499960
7.458471
7.420596
7.356277
7.349176
7.303608
7.266802
7.226767
7.196886
7.165780
7.123822
7.087843
7.055241
7.028465
7.003448
6.980163
6.927552
6.874966
6.861918
6.839773
6.795136
6.771121
6.751642
6.713301
6.675798
6.634874
6.606542
6.585951
6.558574
6.540710
6.494901
6.466484
6.445633
6.406789
6.375084
6.355827
6.325084
6.278990
6.274639
6.251300
6.211867
6.200411
6.166349
6.143452
6.115558
6.096956
6.066927
6.031171
5.997421
5.988534
5.969173
5.939051
5.907507
5.899559
5.865121
5.845017
5.815614
5.802845
5.759976
5.754042
5.717791
5.700783
5.679094
5.663577
5.646193
5.614263
5.596421
5.566907
5.540763
5.526541
5.519434
5.495328
5.467160
5.452287
5.432163
5.412193
5.392375
5.371571
5.353942
5.315018
5.311965
5.299234
5.276560
5.246277
5.225811
5.212113
5.193754
5.178083
5.152345
5.124257
5.122725
5.117607
5.101415
5.066768
5.066886
5.037925
5.025071
4.992940
4.987000
4.970262
4.941098
4.927761
4.912094
4.887569
4.872835
4.864024
4.860052
4.841820
4.830153
4.802686
4.783149
4.762400
4.763195
4.745318
4.731214
4.709587
4.698994
4.681892
4.666542
4.650312
4.645262
4.621089
4.612606
4.589340
4.562686
4.563126
4.550784
4.529603
4.523478
4.508214
4.492099
4.472627
4.468638
4.446549
4.428024
4.417378
4.407107
4.394122
4.382756
4.374526
4.363289
4.341450
4.323999
4.319078
4.322948
4.283120
4.280768
4.269149
4.257301
4.248797
4.231145
4.223656
4.214442
4.189988
4.189724
4.171625
4.154798
4.140976
4.136800
4.131491
4.109498
4.099414
4.091392
4.080845
4.064091
4.053113
4.043048
4.029367
4.030129
4.008978
4.009232
3.987419
3.972969
3.968878
3.955114
3.943083
3.930292
3.927462
3.908756
3.904907
3.889090
3.877707
3.866385
3.854584
3.840690
3.837086
3.844494
3.815765
3.803723
3.805043
3.790706
3.780942
3.778618
3.761306
3.754583
3.741090
3.733150
3.717438
3.719731
3.708281
3.697406
3.678341
3.682767
3.671529
3.654466
3.653052
3.635105
3.623341
3.621763
3.615142
3.602510
3.604514
3.583700
3.580491
3.563832
3.555713
3.543912
3.535387
3.526411
3.522405
3.511294
3.504403
3.503414
3.493406
3.483203
3.474749
3.460766
3.462794
3.449148
3.443501
3.433325
3.426308
3.416698
3.410230
3.398804
3.395964
3.388881
3.378766
3.374580
3.361729
3.359009
3.349525
3.336589
3.335806
3.325050
3.316428
3.313618
3.302988
3.291946
3.291965
3.276652
3.273280
3.259674
3.261583
3.244891
3.249993
3.230692
3.232200
3.217746
3.220396
3.206257
3.197984
3.196875
3.188660
3.181811
3.173223
3.161582
3.159905
3.152081
3.138590
3.141350
3.134491
3.127008
3.119558
3.113442
3.103456
3.102585
3.083614
3.080854
3.077461
3.074297
3.061746
3.053512
3.048717
3.044792
3.043849
3.035723
3.024677
3.021678
3.013019
3.007331
3.004596
2.996653
2.992494
2.979412
2.976550
2.970801
2.965283
2.957520
2.954521
2.948659
2.941592
2.934554
2.926933
2.924841
2.920726
2.911353
2.908294
2.898378
2.892131
2.886513
2.889552
2.880756
2.869194
2.862270
2.861747
2.855660
2.849002
2.845935
2.836753
2.829975
2.830309
2.821605
2.815093
2.809388
2.806635
2.797850
2.788321
2.792810
2.780809
2.780459
2.774126
2.769166
2.769418
2.760455
2.754018
2.749134
2.744270
2.738661
2.735356
2.725042
2.717419
2.718142
2.708108
2.706021
2.703378
2.696055
2.689695
2.685789
2.686189
2.673738
2.670813
2.666414
2.658514
2.658036
2.652025
2.648614
2.639517
2.638894
2.638274
2.629977
2.620068
2.617846
2.615086
2.610885
2.605249
2.601080
2.595122
2.587923
2.588305
2.584196
2.580820
2.571552
2.570710
2.564167
2.563163
2.556834
2.548222
2.548137
2.539218
2.539149
2.533446
2.527061
2.528767
2.518910
2.514856
2.510816
2.503306
2.502430
2.498086
2.493930
2.489788
2.484797
2.480858
2.475899
2.474910
2.466548
2.463694
2.461705
2.458016
2.452977
2.444724
2.441422
2.439826
2.435190
2.432766
2.428832
2.417673
2.418819
2.417949
2.409376
2.405849
2.406006
2.397996
2.395337
2.393185
2.386232
2.388903
2.379831
2.375244
2.372978
2.365292
2.367976
2.361308
2.355152
2.353918
2.348120
2.345599
2.336256
2.333438
2.334842
2.328637
2.321806
2.322254
2.324151
2.314305
2.311553
2.307368
2.301436
2.300955
2.297923
2.293468
2.286801
2.285552
2.282722
2.276420
2.275036
2.269397
2.267713
2.263676
2.254785
2.256580
2.254926
2.247965
2.247890
2.246570
2.240899
2.238816
2.234260
2.231111
2.222871
2.224379
2.224650
2.215689
2.213361
2.206592
2.205816
2.204278
2.199997
2.197405
2.192691
2.186775
2.186340
2.183027
2.183355
2.176281
2.176015
2.170479
2.167064
2.160207
2.159367
2.160775
2.153211
2.151489
2.152158
2.142556
2.139076
2.135457
2.135108
2.133133
2.130278
2.128758
2.122677
2.121467
2.118646
2.114073
2.112881
2.108769
2.103501
2.101746
2.095921
2.092148
2.096223
2.087533
2.085236
2.083378
2.076332
2.078095
100.000000
100.000000
99.850075
99.000333
97.350662
94.441112
90.984836
88.230253
84.451944
79.502278
76.962304
73.711481
70.319140
67.594800
64.802514
61.962536
59.533779
57.278984
55.541359
53.602442
51.607420
49.783344
48.443253
47.241424
45.231449
44.282229
42.732972
41.787341
40.459269
39.550360
38.382054
37.540724
36.683229
35.701948
34.869563
34.021885
33.237966
32.491014
31.809689
31.001769
30.576736
29.809029
29.311207
28.710960
28.242540
27.586054
27.147236
26.712198
26.072373
25.799473
25.255495
24.770103
24.422607
24.020302
23.751412
23.226850
22.994232
22.489079
22.294443
21.840308
21.559641
21.211128
20.939985
20.628244
20.304370
19.978154
19.760307
19.525082
19.332069
19.033057
18.854016
18.636357
18.319190
18.109341
17.859218
17.646431
17.424771
17.212763
17.152344
16.788395
16.593543
16.436834
16.271753
16.094987
15.864097
15.726874
15.587028
15.438903
15.248690
15.152639
14.987611
14.748190
14.683536
14.427802
14.330699
14.212482
14.094645
13.948310
13.848838
13.682690
13.563864
13.410758
13.307713
13.174629
13.043144
12.962734
12.829124
12.697078
12.631365
12.505390
12.428069
12.343132
12.208820
12.111397
11.977965
11.900766
11.774898
11.663148
11.671935
11.494021
11.439905
11.375939
11.249088
11.166576
11.070072
10.995912
10.922929
10.841647
10.769447
10.696816
10.612226
10.534271
10.465072
10.352554
10.302162
10.237702
10.158014
10.111605
10.048478
9.928706
9.860644
9.819789
9.762607
9.674758
9.638822
9.543382
9.495140
9.423065
9.381693
9.311347
9.263272
9.182721
9.124282
9.088829
9.047993
8.987039
8.901225
8.863638
8.814501
8.765354
8.696196
8.652741
8.614762
8.566819
8.477387
8.439949
8.420431
8.349651
8.324355
8.273916
8.222893
8.142642
8.113325
8.086658
8.054551
7.990240
7.943137
7.884136
7.853327
7.839062
7.773846
7.751891
7.704353
7.675914
7.618437
7.578878
7.559637
7.499960
7.458471
7.420596
7.356277
7.349176
7.303608
7.266802
7.226767
7.196886
7.165780
7.123822
7.087843
7.055241
7.028465
7.003448
6.980163
6.927552
100.000000
100.000000
100.000000
99.850075
99.000333
97.350662
94.441112
90.984836
88.230253
84.451944
79.502278
76.962304
73.711481
70.319140
67.594800
64.802514
61.962536
59.533779
57.278984
55.541359
53.602442
51.607420
49.783344
48.443253
47.241424
45.231449
44.282229
42.732972
41.787341
40.459269
39.550360
38.382054
37.540724
36.683229
35.701948
34.869563
34.021885
33.237966
32.491014
31.809689
31.001769
30.576736
29.809029
29.311207
28.710960
28.242540
27.586054
27.147236
26.712198
26.072373
25.799473
25.255495
24.770103
24.422607
24.020302
23.751412
23.226850
22.994232
22.489079
22.294443
21.840308
21.559641
21.211128
20.939985
20.628244
20.304370
19.978154
19.760307
19.525082
19.332069
19.033057
18.854016
18.636357
18.319190
18.109341
17.859218
17.646431
17.424771
17.212763
17.152344
16.788395
16.593543
16.436834
16.271753
16.094987
15.864097
15.726874
15.587028
15.438903
15.248690
15.152639
14.987611
14.748190
14.683536
14.427802
14.330699
14.212482
14.094645
13.948310
13.848838
13.682690
13.563864
13.410758
13.307713
13.174629
13.043144
12.962734
12.829124
12.697078
12.631365
12.505390
12.428069
12.343132
12.208820
12.111397
11.977965
11.900766
11.774898
11.663148
11.671935
11.494021
11.439905
11.375939
11.249088
11.166576
11.070072
10.995912
10.922929
10.841647
10.769447
10.696816
10.612226
10.534271
10.465072
10.352554
10.302162
10.237702
10.158014
10.111605
10.048478
9.928706
9.860644
9.819789
9.762607
9.674758
9.638822
9.543382
9.495140
9.423065
9.381693
9.311347
9.263272
9.182721
9.124282
9.088829
9.047993
8.987039
8.901225
8.863638
8.814501
8.765354
8.696196
8.652741
8.614762
8.566819
8.477387
8.439949
8.420431
8.349651
8.324355
8.273916
8.222893
8.142642
8.113325
8.086658
8.054551
7.990240
7.943137
7.884136
7.853327
7.839062
7.773846
7.751891
7.704353
7.675914
7.618437
7.578878
7.559637
7.499960
7.458471
7.420596
7.356277
7.349176
7.303608
7.266802
7.226767
7.196886
7.165780
7.123822
7.087843
7.055241
7.028465
7.003448
6.980163
6.927552
6.874966
6.861918
6.839773
6.795136
6.771121
6.751642
6.713301
6.675798
6.634874
6.606542
6.585951
6.558574
6.540710
6.494901
6.466484
6.445633
6.406789
6.375084
6.355827
6.325084
6.278990
6.274639
6.251300
6.211867
6.200411
6.166349
6.143452
6.115558
6.096956
6.066927
6.031171
5.997421
5.988534
5.969173
5.939051
5.907507
5.899559
5.865121
5.845017
5.815614
5.802845
5.759976
5.754042
5.717791
5.700783
5.679094
5.663577
5.646193
5.614263
5.596421
5.566907
5.540763
5.526541
5.519434
5.495328
5.467160
5.452287
5.432163
5.412193
5.392375
5.371571
5.353942
5.315018
5.311965
5.299234
5.276560
5.246277
5.225811
5.212113
5.193754
5.178083
5.152345
5.124257
5.122725
5.117607
5.101415
5.066768
5.066886
5.037925
5.025071
4.992940
4.987000
4.970262
4.941098
4.927761
4.912094
4.887569
4.872835
4.864024
4.860052
4.841820
4.830153
4.802686
4.783149
4.762400
4.763195
4.745318
4.731214
4.709587
4.698994
4.681892
4.666542
4.650312
4.645262
4.621089
4.612606
4.589340
4.562686
4.563126
4.550784
4.529603
4.523478
4.508214
4.492099
4.472627
4.468638
4.446549
4.428024
4.417378
4.407107
4.394122
4.382756
4.374526
4.363289
4.341450
4.323999
4.319078
4.322948
4.283120
4.280768
4.269149
4.257301
4.248797
4.231145
4.223656
4.214442
4.189988
4.189724
4.171625
4.154798
4.140976
4.136800
4.131491
4.109498
4.099414
4.091392
4.080845
4.064091
4.053113
4.043048
4.029367
4.030129
4.008978
4.009232
3.987419
3.972969
3.968878
3.955114
3.943083
3.930292
3.927462
3.908756
3.904907
3.889090
3.877707
3.866385
3.854584
3.840690
3.837086
3.844494
3.815765
3.803723
3.805043
3.790706
3.780942
3.778618
3.761306
3.754583
3.741090
3.733150
3.717438
3.719731
3.708281
3.697406
3.678341
3.682767
3.671529
3.654466
3.653052
3.635105
3.623341
3.621763
3.615142
3.602510
3.604514
3.583700
3.580491
3.563832
3.555713
3.543912
3.535387
3.526411
3.522405
3.511294
3.504403
3.503414
3.493406
3.483203
3.474749
3.460766
3.462794
3.449148
3.443501
3.433325
3.426308
3.416698
3.410230
3.398804
3.395964
3.388881
3.378766
3.374580
3.361729
3.359009
3.349525
3.336589
3.335806
3.325050
3.316428
3.313618
3.302988
3.291946
3.291965
3.276652
3.273280
3.259674
3.261583
3.244891
3.249993
3.230692
3.232200
3.217746
3.220396
3.206257
3.197984
3.196875
3.188660
3.181811
3.173223
3.161582
3.159905
3.152081
3.138590
3.141350
3.134491
3.127008
3.119558
3.113442
3.103456
3.102585
3.083614
3.080854
3.077461
3.074297
3.061746
3.053512
3.048717
3.044792
3.043849
3.035723
3.024677
3.021678
3.013019
3.007331
3.004596
2.996653
2.992494
2.979412
2.976550
2.970801
2.965283
2.957520
2.954521
2.948659
2.941592
2.934554
2.926933
2.924841
2.920726
2.911353
2.908294
2.898378
2.892131
2.886513
2.889552
2.880756
2.869194
2.862270
2.861747
2.855660
2.849002
2.845935
2.836753
2.829975
2.830309
2.821605
2.815093
2.809388
2.806635
2.797850
2.788321
2.792810
2.780809
2.780459
2.774126
2.769166
2.769418
2.760455
2.754018
2.749134
2.744270
2.738661
2.735356
2.725042
2.717419
2.718142
2.708108
2.706021
2.703378
2.696055
2.689695
2.685789
2.686189
2.673738
2.670813
2.666414
2.658514
2.658036
2.652025
2.648614
2.639517
2.638894
2.638274
2.629977
2.620068
2.617846
2.615086
2.610885
2.605249
2.601080
2.595122
2.587923
2.588305
2.584196
2.580820
2.571552
2.570710
2.564167
2.563163
2.556834
2.548222
2.548137
2.539218
2.539149
2.533446
2.527061
2.528767
2.518910
2.514856
2.510816
2.503306
2.502430
2.498086
2.493930
2.489788
2.484797
2.480858
2.475899
2.474910
2.466548
2.463694
2.461705
2.458016
2.452977
2.444724
2.441422
2.439826
2.435190
2.432766
2.428832
2.417673
2.418819
2.417949
2.409376
2.405849
2.406006
2.397996
2.395337
2.393185
2.386232
2.388903
2.379831
2.375244
2.372978
2.365292
2.367976
2.361308
2.355152
2.353918
2.348120
2.345599
2.336256
2.333438
2.334842
2.328637
2.321806
2.322254
2.324151
2.314305
2.311553
2.307368
2.301436
2.300955
2.297923
2.293468
2.286801
2.285552
2.282722
2.276420
2.275036
2.269397
2.267713
2.263676
2.254785
2.256580
2.254926
2.247965
2.247890
2.246570
2.240899
2.238816
2.234260
2.231111
2.222871
2.224379
2.224650
2.215689
2.213361
2.206592
2.205816
2.204278
2.199997
2.197405
2.192691
2.186775
2.186340
2.183027
2.183355
2.176281
2.176015
2.170479
2.167064
2.160207
2.159367
2.160775
2.153211
2.151489
2.152158
2.142556
2.139076
2.135457
2.135108
2.133133
2.130278
2.128758
2.122677
2.121467
2.118646
2.114073
2.112881
2.108769
2.103501
2.101746
2.095921
2.092148
2.096223
2.087533
2.085236
2.083378
2.076332
2.078095
2.072803
2.073560
2.066281
2.067332
2.064232
2.057283
2.054776
2.052989
2.049499
2.051275
2.044820
2.044190
2.038045
2.038980
2.034835
2.031124
2.029533
2.023593
2.022999
2.020866
2.018738
2.013265
2.011573
2.007518
2.006951
2.000414
1.999997
1.997089
1.996954
1.994611
1.987583
1.987738
1.983766
1.979942
1.981890
1.973696
1.975373
1.972675
1.965891
1.967300
1.965440
1.959508
1.957799
1.954604
1.951283
1.951214
1.947501
1.943663
1.940374
1.941261
1.937447
1.933912
1.931189
1.928741
1.928569
1.924531
1.924365
1.920476
1.914473
1.912464
1.910461
1.910712
1.906338
1.905670
1.900920
1.898682
1.893296
1.894486
1.890954
1.888348
1.886272
1.884984
1.881614
1.880466
1.876070
1.874933
1.874057
1.871241
1.867527
1.863951
1.864127
1.860307
1.856626
1.855010
1.851859
1.852049
1.847501
1.846417
1.844442
1.838773
1.839361
1.837529
1.834178
1.832739
1.829655
1.827972
1.824018
1.822346
1.820426
1.819393
1.816476
1.812561
1.809659
1.809522
1.810636
1.807123
1.803618
1.800122
1.799749
1.796640
1.795774
1.792181
1.791324
1.785641
1.782198
1.782467
1.778420
1.777830
1.775521
1.774691
1.770795
1.768503
1.766216
1.763079
1.762635
1.758778
1.757976
1.755107
1.753947
1.755702
1.751513
1.748787
1.746794
1.743959
1.743544
1.741444
1.737784
1.734854
1.735172
1.731173
1.729219
1.728108
1.725804
1.724580
1.723121
1.718569
1.716883
1.713537
1.714945
1.710069
1.709110
1.705199
1.706610
1.702710
1.701058
1.699763
1.695415
1.693425
1.692730
1.691333
1.689238
1.687965
1.686813
1.683914
1.681488
1.681393
1.675376
1.676216
1.673694
1.672336
1.670056
1.666395
1.668626
1.663247
1.663634
1.659768
1.659011
1.658140
1.652346
1.653545
1.653712
1.652167
1.646064
1.646353
1.645049
1.641930
1.640520
1.636846
1.636012
1.636650
1.631976
1.628666
1.630438
1.627813
1.627895
1.622807
1.624577
1.620738
1.619259
1.618231
1.613406
1.612721
1.610255
1.608684
1.607673
1.605443
1.603772
1.602105
1.599112
1.598339
1.599667
1.596025
1.590957
1.591628
1.590537
1.587361
1.587814
1.583441
1.584664
1.581836
1.580763
1.578601
1.576770
1.575271
1.571924
1.570542
1.568945
1.567135
1.567062
1.562769
1.562269
1.559718
1.559761
1.558403
1.555434
1.553977
1.554134
1.552144
1.550802
1.549249
1.545988
1.543481
1.541941
1.541683
1.539508
1.538083
1.538256
1.533226
1.532024
1.530825
1.530263
1.527588
1.525553
1.524471
1.524129
1.520735
1.519767
1.518486
1.516158
1.516036
1.514135
1.512760
1.511388
1.509080
1.508549
1.506248
1.503328
1.501766
1.501660
1.499480
1.498444
1.497825
1.493897
1.492974
1.491846
1.490617
1.489700
1.487036
1.486227
1.485111
1.482357
1.481966
1.480654
1.480264
1.477424
1.474998
1.475024
1.471791
1.469073
1.469511
1.467613
1.466023
1.463626
1.465079
1.462587
1.460605
1.460443
1.459374
1.454983
1.455029
1.452561
1.452107
1.451353
1.449097
1.449348
